-0.0538953164337830,-0.1406035066764100,-0.9885979712586907
-0.1406020108260560,-0.9885983027651530,-0.0538931379818290
0.0538927374121400,0.1406029924863770,-0.9885981849862470
-0.9885980986472157,-0.0538952996596180,-0.1406026174212630
0.1406044785163560,-0.9885978843519181,0.0538943751801160
-0.9885980658632701,0.0538928134206170,0.1406038009195060
0.1406018124157300,0.9885982766199053,-0.0538941352056520
0.9885980025098751,0.0538956525516350,-0.1406031581064890
-0.1406048466356920,0.9885978500353532,0.0538940442723570
0.9885981673609279,-0.0538924507278000,0.1406032262971460
-0.0538928359108840,0.1406027515842190,0.9885982138788381
0.0538960974504430,-0.1406037938522461,0.9885978878360845
-0.7121378206194826,0.4847259556271393,0.5078390221169403
0.4847271423032009,0.5078385891579619,-0.7121373216428298
0.7121378784277492,-0.4847268954121661,0.5078380440381631
0.5078397607384352,-0.7121379693767983,0.4847249632369052
-0.4847276428704659,0.5078383908533869,0.7121371223385878
0.5078396078145547,0.7121361919763637,-0.4847277347255498
-0.4847267680672810,-0.5078392368723810,-0.7121371144744010
-0.5078401126327477,0.7121362579125306,0.4847271089669897
0.4847285491224600,-0.5078400954114271,0.7121352899261120
-0.5078388610154029,-0.7121374661713529,-0.4847266451492259
-0.7121366718689035,-0.4847276329363267,-0.5078390320243487
0.7121377658573639,0.4847264015559709,-0.5078386732755609
-0.7030054480395250,0.2617901117095170,0.6612482721624801
0.2617908536144598,0.6612471360366756,-0.7030062404040996
0.7030064339445450,-0.2617905690855730,0.6612470429199860
0.6612494875894131,-0.7030044337858501,0.2617897653464990
-0.2617917110517330,0.6612472320733990,0.7030058307723160
0.6612474233592150,0.7030059089592190,-0.2617910179307560
-0.2617910421351510,-0.6612484386100849,-0.7030049449993339
-0.6612490446749041,0.7030044247634021,0.2617909083211350
0.2617922462673401,-0.6612489166629982,0.7030040469345192
-0.6612472545309420,-0.7030062605254830,-0.2617905002807940
-0.7030054694842799,-0.2617913268030809,-0.6612477683031299
0.7030051584635271,0.2617910253582180,-0.6612482183080451
0.0628004472463810,0.7862188199982438,-0.6147487868277770
0.7862200431089767,-0.6147474493883089,0.0627982267606930
-0.0627995022521980,-0.7862192395650209,-0.6147483467685590
-0.6147477070961400,0.0627995715143810,0.7862197341949950
-0.7862185345191237,-0.6147492348350888,-0.0627996357336120
-0.6147493306965400,-0.0627999566286170,-0.7862184339327080
-0.7862195385712859,0.6147479435281089,0.0627997061833510
0.6147493951504543,-0.0627997704581410,0.7862183984062923
0.7862177984580024,0.6147501790519673,-0.0627996078286010
0.6147478002140192,0.0628000581296050,-0.7862196225171072
0.0628005263634590,-0.7862189094158020,0.6147486643869180
-0.0628014123977570,0.7862187128109528,0.6147488253154579
0.8295436077392320,0.3214653682205850,0.4566370767839410
0.3214635955020471,0.4566373806324791,0.8295441274435042
-0.8295434450385302,-0.3214644597436461,0.4566380119036662
0.4566350005565370,0.8295451597747751,0.3214643124220390
-0.3214642002577901,0.4566374595738672,-0.8295438496345713
0.4566370685585350,-0.8295440001148969,-0.3214643673747430
-0.3214629541954330,-0.4566364211023370,0.8295449041509411
-0.4566367130348990,-0.8295441909717370,0.3214643798832610
0.3214629551065890,-0.4566366887995170,-0.8295447564395499
-0.4566371123963233,0.8295440985782715,-0.3214640510170782
0.8295447019765780,-0.3214622985067580,-0.4566372499712900
-0.8295448614467946,0.3214635893905119,-0.4566360515151938
-0.2495004234484620,0.9540250943623849,-0.1660893073797370
0.9540254708554058,-0.1660875670107380,-0.2495001423718529
0.2495009434844219,-0.9540250296126635,-0.1660888981026119
-0.1660868774086620,-0.2495001374496829,0.9540255921961577
-0.9540248553834940,-0.1660899370031220,0.2495009181081350
-0.1660901519985669,0.2495001071183789,-0.9540250300474356
-0.9540255936888935,0.1660878626585789,-0.2494994758793279
0.1660896928744989,0.2494996878225309,0.9540252196337968
0.9540249314198173,0.1660906479136480,0.2495001541182641
0.1660879561220760,-0.2495000023520481,-0.9540254397328823
-0.2494997599825381,-0.9540252259304093,0.1660895483077951
0.2494983747081790,0.9540257202571132,0.1660887898260250
0.8607872157664440,0.4186303330445690,-0.2894719562030950
0.4186314255109589,-0.2894739329391019,0.8607860197072387
-0.8607867717364259,-0.4186306871370339,-0.2894727645060190
-0.2894744465036728,0.8607866519642615,0.4186297703479168
-0.4186298892623019,-0.2894728382265149,-0.8607871349789788
-0.2894723996931709,-0.8607875560309857,-0.4186293267296019
-0.4186292573884459,0.2894725949335479,0.8607875240968798
0.2894731851561890,-0.8607878175448239,0.4186282458720980
0.4186289424246518,0.2894727563162088,-0.8607876230029765
0.2894735427627719,0.8607866031630778,-0.4186304956107949
0.8607880122617579,-0.4186286769276889,0.2894719827551959
-0.8607878393611088,0.4186284794744049,0.2894727824528269
-0.1691041295942501,-0.8789173916920943,0.4459910446806491
-0.8789181750666977,0.4459895744177418,-0.1691039356375459
0.1691023334883080,0.8789182061434622,0.4459901206510830
0.4459894690345718,-0.1691039825983879,-0.8789182195060157
0.8789165401716111,0.4459924431702191,0.1691048670140030
0.4459902241080142,0.1691041980057111,0.8789177949142505
0.8789182853189469,-0.4459889689345609,-0.1691049594798730
-0.4459914048704790,0.1691046511475080,-0.8789171085727801
-0.8789175018706716,-0.4459905576894248,0.1691048413183189
-0.4459886381462998,-0.1691042398787439,0.8789185916223647
-0.1691036827918699,0.8789180817859166,-0.4459898541177718
0.1691042183067080,-0.8789179365417822,-0.4459899373035371
0.6991597494364489,0.6826055934699529,0.2126622875159000
0.6826036001105979,0.2126624328405610,0.6991616513899949
-0.6991612748012418,-0.6826040568208238,0.2126622049872899
0.2126608434125310,0.6991621013472430,0.6826036344166200
-0.6826047628202949,0.2126619851953860,-0.6991606523738349
0.2126625942230910,-0.6991616996786060,-0.6826035003725280
-0.6826025624027639,-0.2126623681590730,0.6991626841945698
-0.2126612305468040,-0.6991609500605910,0.6826046930198260
0.6826033952274169,-0.2126617699757900,-0.6991620530426169
-0.2126618767979379,0.6991622129811328,-0.6826031981291208
0.6991620776118521,-0.6826026485321291,-0.2126640859346050
-0.6991619828086699,0.6826032705883110,-0.2126624009485230
-0.8932543729812283,-0.1723424150411761,-0.4152044281166661
-0.1723416913831600,-0.4152051051823470,-0.8932541978864179
0.8932544795129385,0.1723418657252129,-0.4152044269374088
-0.4152037601443589,-0.8932549611410137,-0.1723409758558649
0.1723436211169660,-0.4152058956702589,0.8932534581298579
-0.4152063344497700,0.8932537022259500,0.1723412988590360
0.1723405995636110,0.4152042778538469,-0.8932547930987668
0.4152040134618808,0.8932546529877976,-0.1723419627391879
-0.1723411946292099,0.4152043287490478,0.8932546546320536
0.4152061427713248,-0.8932540159148656,0.1723401347827119
-0.8932544146433700,0.1723402748586850,0.4152052268237520
0.8932547053896591,-0.1723405507866280,0.4152044867939110
-0.0301191072902420,0.5380310043275849,-0.8423867744440728
0.5380327159133012,-0.8423856691864603,-0.0301194448195230
0.0301180876413530,-0.5380315902624116,-0.8423864366646274
-0.8423861832095865,-0.0301193472927830,0.5380319165776707
-0.5380303041055453,-0.8423872336366454,0.0301187727189240
-0.8423873127238232,0.0301179010226410,-0.5380302290763282
-0.5380317233086820,0.8423863249999340,-0.0301188340842640
0.8423871030981439,0.0301197896583030,0.5380304515590699
0.5380291730323311,0.8423879687460452,0.0301184175888770
0.8423863305324071,-0.0301174411794410,-0.5380317926191250
-0.0301170591166440,-0.5380307391371789,0.8423870170495658
0.0301183468125240,0.5380307101818241,0.8423869895045403
0.9519058810513842,-0.3017741210977391,0.0529865403237010
-0.3017744053434990,0.0529867985301940,0.9519057765667242
-0.9519056988554306,0.3017745998999999,0.0529870865565300
0.0529876129584230,0.9519052380669768,-0.3017759609604789
0.3017745623980471,0.0529868342129030,-0.9519057247908332
0.0529867668292060,-0.9519052521736435,0.3017760650303789
0.3017772936453362,-0.0529879947278590,0.9519047943228445
-0.0529865747011870,-0.9519055918473011,-0.3017750273155070
-0.3017769418414010,-0.0529865263167340,-0.9519049875915861
-0.0529887948961120,0.9519052401764427,0.3017757467724779
0.9519048618122398,0.3017774620595559,-0.0529858231144330
-0.9519050185943479,-0.3017768243243040,-0.0529866386519510
0.5536061463002189,0.4544011566904799,0.6978823852032479
0.4543996192985591,0.6978827381162331,0.5536069633058401
-0.5536058140188816,-0.4544011281970966,0.6978826673429404
0.6978809697722891,0.5536078912532600,0.4544012046328750
-0.4544007964543469,0.6978822688342308,-0.5536065886786768
0.6978825206532539,-0.5536051035411029,-0.4544022190745830
-0.4544001809008959,-0.6978821410325178,0.5536072550329358
-0.6978816353908837,-0.5536070488477028,0.4544012086804818
0.4544012718187749,-0.6978817257806298,-0.5536068830776309
-0.6978823219163299,0.5536063431414439,-0.4544010140726249
0.5536060294802923,-0.4544003068459942,-0.6978830312175043
-0.5536069608106723,0.4544008427162033,-0.6978819435124934
