0.8544032798674688,-0.5053541340072059,0.1208810762424740
-0.5054349175556900,0.1208162198059960,0.8543646675438200
-0.8543867766655620,0.5053247652039460,0.1211202606115420
0.1208333586366210,0.8543977898340150,-0.5053748273977881
0.5053979097545751,0.1211845075248970,-0.8543344005432852
0.1211678917817769,-0.8543595921698916,0.5053593070959078
0.5055502439906059,-0.1210290998832230,0.8542662979320299
-0.1209012300582570,-0.8542712308898997,-0.5055725038451518
-0.5055127430804747,-0.1209718018932919,-0.8542966052431346
-0.1211002217099370,0.8542333106705450,0.5055889508708080
0.8542280860180772,0.5056228637404401,-0.1209954409091880
-0.8542442519150008,-0.5055933391780418,-0.1210046835828190
-0.2649878987783749,0.8838136985753616,-0.3855577255244168
0.8838495436614180,-0.3855147723237870,-0.2649308296322680
0.2649355775867901,-0.8837175312641122,-0.3858140286008491
-0.3855859698282142,-0.2649918821321201,0.8838001823238735
-0.8837292209025743,-0.3858572041282211,0.2648336877084961
-0.3857855708943261,0.2648743412798281,-0.8837483106752262
-0.8838853342582799,0.3855799306321349,-0.2647165143636620
0.3857055651888330,0.2647713629504000,0.8838140881111539
0.8837647796773471,0.3857919932898060,0.2648100302392800
0.3856671594356381,-0.2646531289490931,-0.8838662588142512
-0.2646569340063701,-0.8838970336929442,0.3855940107304081
0.2647089806257061,0.8838007658213305,0.3857789028831532
-0.9733521648930309,0.2280262392539510,0.0242816249404740
0.2281123458869261,0.0243445491474570,-0.9733304169606385
0.9733554428092017,-0.2280321804631889,0.0240937051303150
0.0243567880985200,-0.9733428333593146,0.2280580531829239
-0.2281196464116130,0.0240315928235880,0.9733364831687970
0.0240198362710270,0.9733503190618913,-0.2280618421560861
-0.2282433008441409,-0.0241013402944470,-0.9733057695379095
-0.0243255278289380,0.9732858593312290,0.2283044124008880
0.2282511002315089,-0.0242739118244810,0.9732996519304027
-0.0240506309992310,-0.9732933319509691,-0.2283016800821220
-0.9732840684188761,-0.2283305892567410,-0.0241508627520810
0.9732807668974420,0.2283367922856280,-0.0242251537918150
0.1764941643605970,-0.6439159617576871,0.7444609084030722
-0.6439554747347648,0.7444298798961948,0.1764808785020650
-0.1763945457957581,0.6437302463633762,0.7446451061616233
0.7444821769849418,0.1765407684656810,-0.6438785950948428
0.6437221735449969,0.7446755654083020,-0.1762953929356370
0.7446232602984996,-0.1763087546453889,0.6437790174103416
0.6439796469919020,-0.7444731281720970,0.1762100328864330
-0.7445688151995643,-0.1763819450908201,-0.6438219387985283
-0.6437453004186959,-0.7446323171490739,-0.1763935952523330
-0.7445366073086630,0.1761491742553250,0.6439229059339890
0.1761957070235801,0.6439711185624944,-0.7444838959197375
-0.1762957903461829,-0.6437847990685867,-0.7446213311438467
-0.5382680916693569,-0.7144430972079278,0.4470330215348439
-0.7144085713422342,0.4470401217976181,-0.5383080184206052
0.5383282112194377,0.7143316685506836,0.4471386857686067
0.4471201978095988,-0.5382526202846058,-0.7144001997952277
0.7142693383899237,0.4471311678997198,0.5384171532637618
0.4470507600303290,0.5383906456527831,0.7143396465476941
0.7143353780369113,-0.4469080442623901,-0.5385147794243242
-0.4472169730606699,0.5384307414350789,-0.7142053736035058
-0.7141970542020019,-0.4472644791667069,0.5384023156013699
-0.4469551475186519,-0.5385686162875320,0.7142653160112937
-0.5385531358716101,0.7142734853459002,-0.4469607454516281
0.5384924234925470,-0.7141627498790130,-0.4472107741617700
-0.8542625591715194,-0.1211967864813340,0.5055163884033082
-0.1211352259177740,0.5055628408198979,-0.8542438006939029
0.8543309414267224,0.1210719374548011,0.5054307355927922
0.5056009275709700,-0.8542205006653180,-0.1211405724044100
0.1209804838657270,0.5053853800887538,0.8543707275627837
0.5053474173253791,0.8543800060355532,0.1210735028371490
0.1210201874725290,-0.5053486406391462,-0.8543868360574623
-0.5056166845687339,0.8542509316027457,-0.1208598946779390
-0.1208657310279020,-0.5055984823689041,0.8542608791752972
-0.5053307603087599,-0.8544103980209298,0.1209284682756170
-0.8543680863966890,0.1209284250962590,-0.5054023040614261
0.8543001861498961,-0.1208044489183890,-0.5055467110621700
0.7444632973046906,0.6439458791655147,0.1763748952430029
0.6438740925860957,0.1763526546392769,0.7445306535651247
-0.7444394383517559,-0.6439896739556449,0.1763156897868830
0.1762725384812351,0.7444994067041243,0.6439321591554412
-0.6439272279941870,0.1763373486135990,-0.7444883239726789
0.1764171560921340,-0.7444453593527010,-0.6439550403363510
-0.6437732764367419,-0.1765375814946370,0.7445740063055698
-0.1761862890755310,-0.7446599355387569,0.6437701235264090
0.6438276103095117,-0.1761530561791469,-0.7446180960746857
-0.1765038577432470,0.7446064263886383,-0.6437450255982511
0.7446425637975279,-0.6437113057563880,-0.1764743806405070
-0.7446660895457376,0.6437550517808307,-0.1762153466282649
-0.2283360715319861,0.9732852424848994,-0.0240515113548050
0.9733064515717198,-0.0240072778460500,-0.2282503054527859
0.2283331981063670,-0.9732791056699989,-0.0243255649209990
-0.0240870222352140,-0.2283063346170040,0.9732913402129852
-0.9732989361424012,-0.0243683943876410,0.2282440848281471
-0.0242885519793590,0.2282995532397889,-0.9732879225764896
-0.9733371742315823,0.0240642197088240,-0.2281132582483621
0.0242182990521410,0.2280639631571710,0.9733449042862790
0.9733297074180573,0.0243115631933110,0.2281188912663231
0.0241574467060330,-0.2280561009745211,-0.9733482586294302
-0.2280265869033880,-0.9733570472797150,0.0240818225246000
0.2280302830467681,0.9733509134612353,0.0242938115121860
0.7141882216414781,0.5385777705783591,-0.4470672981861091
0.5385274786436979,-0.4470918044321979,0.7142108044234719
-0.7142487687796122,-0.5384672206579191,-0.4471037335716891
-0.4471613350315650,0.7141657502813271,0.5385294992643371
-0.5383895843123188,-0.4470804117879509,-0.7143218888565048
-0.4470109694572090,-0.7143051130884170,-0.5384694964440140
-0.5384320154150547,0.4469136813525908,0.7143942372359657
0.4472327482991630,-0.7143004980317569,0.5382914334822370
0.5382930399261510,0.4472578784152030,-0.7142835524934020
0.4469384509810379,0.7144394343055708,-0.5383514797451628
0.7144166137892707,-0.5383541595409148,0.4469717002751598
-0.7143571305190368,0.5382432243381428,0.4472003147703359
-0.8838226247963699,0.2646362039654440,0.3857787545327180
0.2647035776402780,0.3858370666585499,-0.8837769933511299
0.8838743905237267,-0.2647316811045789,0.3855946042099839
0.3858426620308480,-0.8837798638376969,0.2646858372334470
-0.2648227787783798,0.3855352957965558,0.8838729725108465
0.3855302957630181,0.8839005568372481,-0.2647379773883650
-0.2648230436494790,-0.3856162950490920,-0.8838375577813141
-0.3858066593719059,0.8837138197040247,0.2649586881919759
0.2649414017790060,-0.3857554525672311,0.8837413560754221
-0.3855652667157562,-0.8838346669397215,-0.2649069772919531
-0.8837919506738626,-0.2649137504830989,-0.3856585182892598
0.8837398529718772,0.2650088880255400,-0.3857125374378071
