0.8457869264225214,-0.0634417981670280,-0.5297354182401612
-0.0634417983892430,-0.5297354183578180,0.8457869263321621
-0.8457869264559499,0.0634417984531520,-0.5297354181525219
-0.5297354183277961,0.8457869263637031,-0.0634417982194290
0.0634417986395790,-0.5297354182489888,-0.8457869263815467
-0.5297354183462810,-0.8457869263525341,0.0634417982139820
0.0634417984036140,0.5297354183028488,0.8457869263655126
0.5297354184680459,-0.8457869262548311,-0.0634417984998000
-0.0634417984895540,0.5297354182733230,-0.8457869263775590
0.5297354184404296,0.8457869262641654,0.0634417986059520
0.8457869263461390,0.0634417983434690,0.5297354183409841
-0.8457869264151191,-0.0634417986471230,0.5297354181944831
0.9299178255594050,-0.1961625960372280,0.3110837083853850
-0.1961625960347829,0.3110837084031749,0.9299178255539696
-0.9299178254913728,0.1961625959704160,0.3110837086308829
0.3110837084122509,0.9299178256159956,-0.1961625957263529
0.1961625961193400,0.3110837087008080,-0.9299178254365660
0.3110837084249658,-0.9299178255947904,0.1961625958067129
0.1961625960628869,-0.3110837085283889,0.9299178255061536
-0.3110837084516190,-0.9299178255080260,-0.1961625961757560
-0.1961625959259820,-0.3110837085712581,-0.9299178255206922
-0.3110837085508030,0.9299178254632609,0.1961625962306760
0.9299178255067601,0.1961625962688370,-0.3110837083967080
-0.9299178254057076,-0.1961625962289879,-0.3110837087239109
-0.8425842437319318,-0.4957997245467159,-0.2103198168363819
-0.4957997242432339,-0.2103198164764169,-0.8425842440003608
0.8425842436124092,0.4957997247692231,-0.2103198167906840
-0.2103198166559050,-0.8425842437347979,-0.4957997246184039
0.4957997245115567,-0.2103198168335329,0.8425842437533315
-0.2103198168535320,0.8425842436586919,0.4957997246639079
0.4957997244429757,0.2103198168109939,-0.8425842437993125
0.2103198166086310,0.8425842439828540,-0.4957997242169000
-0.4957997244594831,0.2103198165105121,0.8425842438646032
0.2103198167713800,-0.8425842438786679,0.4957997243249200
-0.8425842438912798,0.4957997243233089,0.2103198167246520
0.8425842437152990,-0.4957997245803319,0.2103198168237710
0.8967210227265069,0.3110783008580400,0.3148359860873630
0.3110783008831589,0.3148359859477639,0.8967210227668058
-0.8967210227718800,-0.3110783010356060,0.3148359857826840
0.3148359859854751,0.8967210227137451,0.3110783009979461
-0.3110783010382680,0.3148359858714130,-0.8967210227398040
0.3148359860574049,-0.8967210226901636,-0.3110783009931239
-0.3110783009802948,-0.3148359860252758,0.8967210227058945
-0.3148359860388121,-0.8967210227565234,0.3110783008206511
0.3110783010397460,-0.3148359857946460,-0.8967210227662440
-0.3148359860185061,0.8967210227421182,-0.3110783008827271
0.8967210227656630,-0.3110783007821180,-0.3148359860508540
-0.8967210227755353,0.3110783009790721,-0.3148359858281321
-0.9868897831370427,-0.1556209757104679,0.0427863045686680
-0.1556209755644760,0.0427863048563460,-0.9868897831475917
0.9868897831177580,0.1556209757922440,0.0427863047160470
0.0427863048269320,-0.9868897831063818,-0.1556209758339010
0.1556209756898150,0.0427863047246210,0.9868897831335381
0.0427863047152900,0.9868897831054041,0.1556209758707960
0.1556209757056209,-0.0427863046611980,-0.9868897831337954
-0.0427863049388310,0.9868897831528498,-0.1556209755084530
-0.1556209756839001,-0.0427863048966290,0.9868897831270135
-0.0427863048733720,-0.9868897831471740,0.1556209755624440
-0.9868897831582402,0.1556209755379020,-0.0427863047073860
0.9868897831433006,-0.1556209756225079,-0.0427863047442520
-0.6621213446350316,0.3966679645705148,-0.6358064570780817
0.3966679645817438,-0.6358064571597867,-0.6621213445498466
0.6621213446204022,-0.3966679643188011,-0.6358064572503562
-0.6358064571888240,-0.6621213446384460,0.3966679643873100
-0.3966679642673491,-0.6358064573562521,0.6621213445495391
-0.6358064571805569,0.6621213446708250,-0.3966679643465140
-0.3966679643825150,0.6358064572229510,-0.6621213446085480
0.6358064572934526,0.6621213444445046,0.3966679645433328
0.3966679643934259,0.6358064572606958,0.6621213445657668
0.6358064573672020,-0.6621213444685280,-0.3966679643850220
-0.6621213445449562,-0.3966679646355031,0.6358064571313402
0.6621213444876399,0.3966679643403729,0.6358064573751549
0.5813252323810800,-0.1063591479769700,-0.8066899688471999
-0.1063591480100470,-0.8066899690223931,0.5813252321319171
-0.5813252324386922,0.1063591482657510,-0.8066899687676081
-0.8066899689102518,0.5813252322786839,-0.1063591480584120
0.1063591482083880,-0.8066899688511267,-0.5813252323332908
-0.8066899688813940,-0.5813252323264920,0.1063591480159820
0.1063591480180120,0.8066899689011457,0.5813252322987118
0.8066899690639430,-0.5813252320668960,-0.1063591480502930
-0.1063591481404630,0.8066899689427772,-0.5813252322185372
0.8066899689897831,0.5813252321533711,0.1063591481401200
0.5813252322226752,0.1063591479927600,0.8066899689592693
-0.5813252323663959,-0.1063591482932380,0.8066899688160829
0.7360776806079131,0.2910569867380821,-0.6111264014766691
0.2910569864988329,-0.6111264015928108,0.7360776806060898
-0.7360776804538911,-0.2910569864401090,-0.6111264018040962
-0.6111264016179970,0.7360776805204000,0.2910569866626580
-0.2910569864817821,-0.6111264014754082,-0.7360776807103052
-0.6111264014207573,-0.7360776806285874,-0.2910569868031941
-0.2910569866799709,0.6111264013316068,0.7360776807513288
0.6111264013947688,-0.7360776807521548,0.2910569865452619
0.2910569863889959,0.6111264017645408,-0.7360776805069428
0.6111264012913969,0.7360776808278310,-0.2910569865709260
0.7360776806951713,-0.2910569866259211,0.6111264014249882
-0.7360776806182089,0.2910569863726250,0.6111264016383220
-0.5773502691766931,-0.5773502690351281,-0.5773502693570561
0.5773502690443611,0.5773502692662731,-0.5773502692582431
0.5773502691343351,-0.5773502692247341,0.5773502692098081
-0.5773502693139111,0.5773502690394211,0.5773502692155451
